$ANSIBLE_VAULT;1.1;AES256
61393333316432646365303936646633633433656238353961353066653964663331626666643065
6461316435313065326537343236626530313564373134610a323166363066653031313537633938
36366338326532393632316537653066326337366261313030303861613835316637353835313161
3439656538343830370a316264626233623163393864366132613564653762373361626137313661
62313332633732666237363234396439336164623530383261303637376630373262393633396265
31666166393937346235623866666662373761333761323636343032383836653432316163333061
33326533643366343431646565356337373631326133333039626132363135656264613038336566
35323733636364376536393533356630643632616537376533303532333538633032363639333337
65346134333861313237313234393737623062366634633162396436333861323139323932383136
61326165313631336262353166313236313233373563356562636130386262366230633637343838
31366663653461373436363961396333363162353665663461393064613538623761373137666339
32623763643963323936323033393161393962373762613732363132613936306438633561323031
34643031636137336233616130663061363435373835303861656333353139656634636532653436
65393262663632303638326132303932333535633864316364613934666639616538386138386362
35633562363039313830383432633262316161313734613066626362303633306634616432356662
30643863316364626539343738353839393165353931363339376137336361623538616138663734
32656361363630666334633664343439366334373435353736313265323634663666383038313139
66646461376131643164666261363633643138626135653563363861663332306161316364643461
65393665323732376436646564333436376535386264333736663437353034306136336531396534
35366539383930336231653239393330306633643430613333356361613163626163376633316163
65366533326434643862326437666463633561633135316633613235666137343064646433306466
36656665633734373961323730353338316166306334323537383132663438616562363666636163
66383339653965663730653739663139346134656431336637316638323636383162613134336265
30313266366232613335396162353433323231326139326532363262616236383039373736383861
37396137623161386465383261376331303134666130323535646365616639363437626636633430
32343639363530353439303566363233343566363933393964626333656163373638393665613235
34616130316436316335643936313232313339653464643433303330643562653334316434653565
30306634366432656230
